0 0.400000 0.000000 12.040001  30.000002 1.000000 0.000000 
10 0.410000 0.010376 12.423973  30.000002 1.000000 0.000000 
20 0.420000 0.020404 12.818054  30.000002 1.000000 0.000000 
30 0.430000 0.030112 13.221781  30.000002 1.000000 0.000000 
40 0.440000 0.039524 13.634759  30.000002 1.000000 0.000000 
50 0.450000 0.048660 14.056643  30.000002 1.000000 0.000000 
60 0.460000 0.057542 14.487122  30.000002 1.000000 0.000000 
70 0.470000 0.066185 14.925916  30.000002 1.000000 0.000000 
80 0.480000 0.074607 15.372767  30.000002 1.000000 0.000000 
90 0.490000 0.082823 15.827440  30.000002 1.000000 0.000000 
100 0.500000 0.090847 16.289709  30.000002 1.000000 0.000000 
110 0.500000 0.098693 16.458864  30.000002 1.000000 0.000000 
120 0.500000 0.104740 16.675697  30.000002 1.000000 0.000000 
130 0.500000 0.110476 16.895979  30.000002 1.000000 0.000000 
140 0.500000 0.115927 17.119238  30.000002 1.000000 0.000000 
150 0.500000 0.121115 17.345055  30.000002 1.000000 0.000000 
160 0.500000 0.126062 17.573050  30.000002 1.000000 0.000000 
170 0.500000 0.130786 17.802883  30.000002 1.000000 0.000000 
180 0.500000 0.135305 18.034256  30.000002 1.000000 0.000000 
190 0.500000 0.139634 18.266886  30.000002 1.000000 0.000000 
200 0.500000 0.143789 18.500526  30.000002 1.000000 0.000000 
210 0.500000 0.147781 18.734951  30.000002 1.000000 0.000000 
220 0.500000 0.151624 18.969954  30.000002 1.000000 0.000000 
230 0.500000 0.155328 19.205349  30.000002 1.000000 0.000000 
240 0.500000 0.158903 19.440968  30.000002 1.000000 0.000000 
250 0.500000 0.162359 19.676655  30.000002 1.000000 0.000000 
260 0.500000 0.165704 19.912270  30.000002 1.000000 0.000000 
270 0.500000 0.168945 20.147686  30.000002 1.000000 0.000000 
280 0.500000 0.172091 15.136242  14.000000 1.000000 0.000000 
290 0.500000 0.135873 16.007607  14.000000 1.000000 0.000000 
300 0.500000 0.139315 16.321815  14.000000 1.000000 0.000000 
310 0.500000 0.142691 16.633545  14.000000 1.000000 0.000000 
320 0.500000 0.146004 16.942814  14.000000 1.000000 0.000000 
330 0.500000 0.149256 17.249649  14.000000 1.000000 0.000000 
340 0.500000 0.152450 17.554070  14.000000 1.000000 0.000000 
350 0.500000 0.155589 17.856098  14.000000 1.000000 0.000000 
360 0.500000 0.158676 18.155752  14.000000 1.000000 0.000000 
370 0.500000 0.161711 18.453053  14.000000 1.000000 0.000000 
380 0.500000 0.164699 18.748020  14.000000 1.000000 0.000000 
390 0.500000 0.167640 19.040668  14.000000 1.000000 0.000000 
400 0.500000 0.170537 19.331020  14.000000 1.000000 0.000000 
410 0.500000 0.173391 19.619091  14.000000 1.000000 0.000000 
420 0.500000 0.176205 19.904898  14.000000 1.000000 0.000000 
430 0.500000 0.178980 20.188457  14.000000 1.000000 0.000000 
440 0.500000 0.181717 20.469786  14.000000 1.000000 0.000000 
450 0.500000 0.184418 20.748901  14.000000 1.000000 0.000000 
460 0.500000 0.187084 21.025822  14.000000 1.000000 0.000000 
470 0.500000 0.189717 21.300556  14.000000 1.000000 0.000000 
480 0.500000 0.192318 21.573130  14.000000 1.000000 0.000000 
490 0.500000 0.194887 21.843554  14.000000 1.000000 0.000000 
500 0.500000 0.197427 22.111843  14.000000 1.000000 0.000000 
510 0.500000 0.199937 22.378016  14.000000 1.000000 0.000000 
520 0.500000 0.202419 22.642082  14.000000 1.000000 0.000000 
530 0.500000 0.204874 22.904066  14.000000 1.000000 0.000000 
540 0.500000 0.207302 23.163979  14.000000 1.000000 0.000000 
550 0.500000 0.209705 23.421837  14.000000 1.000000 0.000000 
560 0.500000 0.212082 23.677658  14.000000 1.000000 0.000000 
570 0.500000 0.214436 23.931454  14.000000 1.000000 0.000000 
580 0.500000 0.216765 24.183237  14.000000 1.000000 0.000000 
590 0.500000 0.219071 24.433029  14.000000 1.000000 0.000000 
600 0.500000 0.221355 24.680843  14.000000 1.000000 0.000000 
610 0.500000 0.223617 24.926689  14.000000 1.000000 0.000000 
620 0.500000 0.225857 25.170589  14.000000 1.000000 0.000000 
630 0.500000 0.228076 25.412552  14.000000 1.000000 0.000000 
640 0.500000 0.230275 25.652597  14.000000 1.000000 0.000000 
